"hr" "ffInst" "radiacionGlobalInst" "td"
"2019-01-01" 0.336 0 0 10.4
"2019-01-02" 0.351 0 0 11.4
"2019-01-03" 0.387 0 0 11.9
"2019-01-04" 0.34 0 0 11
"2019-01-05" 0.337 0 0 10.6
"2019-01-06" 0.371 0 0 10.9
"2019-01-07" 0.42 0 0 9.5
"2019-01-08" 0.322 0 0 9.2
"2019-01-09" 0.417 0 0 11.6
"2019-01-10" 0.415 0 0 11.3
"2019-01-11" 0.364 0 0 11.1
"2019-01-12" 0.331 0 0 10.3
"2019-01-13" 0.333 0 0 9.9
"2019-01-14" 0.287 0 0 7.9
"2019-01-15" 0.387 0 0 11.1
"2019-01-16" 0.419 0 0 12
"2019-01-17" 0.389 0 0 12.1
"2019-01-18" 0.432 0 0 11.7
"2019-01-19" 0.324 0 0 9.7
"2019-01-20" 0.376 0 0 10.5
"2019-01-21" 0.412 0 0 11.7
"2019-01-22" 0.422 0 0 11.8
"2019-01-23" 0.355 0 0 12.6
"2019-01-24" 0.276 0 0 9.5
"2019-01-25" 0.344 0 0 11.3
"2019-01-26" 0.425 0 0 11.9
"2019-01-27" 0.374 0 0 12.5
"2019-01-28" 0.391 0.2 0 12.6
"2019-01-29" 0.378 0 0 12.5
"2019-01-30" 0.385 0 0 12.4
"2019-01-31" 0.364 0 0 12.3
"2019-02-01" 0.373 0 0 14.1
"2019-02-02" 0.371 0 0 14.6
"2019-02-03" 0.419 0 0 14.4
"2019-02-04" 0.445 0 0 14
"2019-02-05" 0.402 0.2 0 14
"2019-02-06" 0.361 0 0 13.3
"2019-02-07" 0.369 0 0 13.3
"2019-02-08" 0.403 0 0 13.3
"2019-02-09" 0.361 0 0 12.5
"2019-02-10" 0.345 0 0 12.1
"2019-02-11" 0.397 0 0 13.3
"2019-02-12" 0.341 0 0 9.5
"2019-02-13" 0.35 0 0 9.2
"2019-02-14" 0.352 0 0 9.5
"2019-02-15" 0.355 0 0 10.1
"2019-02-16" 0.322 0 0 10
"2019-02-17" 0.29 0 0 10.4
"2019-02-18" 0.374 0 0 11.8
"2019-02-19" 0.343 0 0 11.9
"2019-02-20" 0.314 0 0 10.5
"2019-02-21" 0.363 0 0 11.9
"2019-02-22" 0.319 0 0 12.1
"2019-02-23" 0.372 0 0 12.9
"2019-02-24" 0.449 0 0 13.5
"2019-02-25" 0.405 0 0 12.3
"2019-02-26" 0.362 0 0 11.9
"2019-02-27" 0.361 0 0 11.4
"2019-02-28" 0.404 0 0 11.6
"2019-03-01" 0.478 0 0 12.7
"2019-03-02" 0.416 0 0 13
"2019-03-03" 0.361 0 0 12.1
"2019-03-04" 0.355 0 0 11.7
"2019-03-05" 0.351 0 0 12.1
"2019-03-06" 0.407 0 0 12.5
"2019-03-07" 0.431 0 0 12.8
"2019-03-08" 0.469 0 0 12.4
"2019-03-09" 0.445 0 0 11.8
"2019-03-10" 0.363 0 0 10.6
"2019-03-11" 0.315 0 0 8.1
"2019-03-12" 0.35 0 0 9.1
"2019-03-13" 0.325 0 0 9.1
"2019-03-14" 0.329 0 0 10
"2019-03-15" 0.325 0 0 9.4
"2019-03-16" 0.445 0 0 11.4
"2019-03-17" 0.398 0 0 11.3
"2019-03-18" 0.473 0 0 10.8
"2019-03-19" 0.389 0 0 10.3
"2019-03-20" 0.406 0 0 11.2
"2019-03-21" 0.377 0 0 10.1
"2019-03-22" 0.374 0 0 9.6
"2019-03-23" 0.322 0 0 8.9
"2019-03-24" 0.348 0 0 9.8
"2019-03-25" 0.396 0 0 10.9
"2019-03-26" 0.348 0 0 9.7
"2019-03-27" 0.449 0 0 10.7
"2019-03-28" 0.334 0 0 9.4
"2019-03-29" 0.514 0 0 10.2
"2019-03-30" 0.525 0 0 10.8
"2019-03-31" 0.397 0 0 10
"2019-04-01" 0.417 0 0 9.5
"2019-04-02" 0.368 0 0 9
"2019-04-03" 0.363 0 0 9.5
"2019-04-04" 0.29 0 0 9.2
"2019-04-05" 0.322 0 0 9.6
"2019-04-06" 0.319 0 0 9
"2019-04-07" 0.467 0 0 11.3
"2019-04-08" 0.429 0 0 10.8
"2019-04-09" 0.546 0 0 10.7
"2019-04-10" 0.432 0 0 10.3
"2019-04-11" 0.48 0 0 9.7
"2019-04-12" 0.383 0 0 8.9
"2019-04-13" 0.381 0 0 8.6
"2019-04-14" 0.379 0 0 7.2
"2019-04-15" 0.309 0 0 4.8
"2019-04-16" 0.434 0 0 9.7
"2019-04-17" 0.474 0 0 10.1
"2019-04-18" 0.469 0 0 10.1
"2019-04-19" 0.462 0 0 9.6
"2019-04-20" 0.464 0 0 9.5
"2019-04-21" 0.455 0 0 9.1
"2019-04-22" 0.45 0 0 8.8
"2019-04-23" 0.478 0 0 7.2
"2019-04-24" 0.424 0 0 7.3
"2019-04-25" 0.373 0 0 8
"2019-04-26" 0.399 0 0 9.4
"2019-04-27" 0.348 0 0 8.2
"2019-04-28" 0.451 0 0 6.3
"2019-04-29" 0.575 0 0 10.3
"2019-04-30" 0.507 0 0 10
"2019-05-01" 0.369 0 0 8
"2019-05-02" 0.442 0 0 8.6
"2019-05-03" 0.543 0 0 8.1
"2019-05-04" 0.535 0 0 9.7
"2019-05-05" 0.2 0 0 2.1
"2019-05-06" 0.373 0 0 8
"2019-05-07" 0.471 0 0 9.2
"2019-05-08" 0.652 0 0 8.9
"2019-05-09" 0.464 0 0 6
"2019-05-10" 0.462 0 0 4.1
"2019-05-11" 0.405 0 0 6.8
"2019-05-12" 0.193 0 0 -2.2
"2019-05-13" 0.425 0 0 7
"2019-05-14" 0.187 0 0 -3.5
"2019-05-15" 0.338 0 0 3.7
"2019-05-16" 0.502 0 0 3.7
"2019-05-17" 0.515 0 0 6.8
"2019-05-18" 0.388 0 0 5.4
"2019-05-19" 0.54 0 0 7.8
"2019-05-20" 0.394 0 0 5.2
"2019-05-21" 0.321 0 0 3.3
"2019-05-22" 0.149 0 0 -6.8
"2019-05-23" 0.021 0 0 -25
"2019-05-24" 0.023 0 0 -25.4
"2019-05-25" 0.595 0 0 6.8
"2019-05-26" 0.489 0 0 6.5
"2019-05-27" 0.422 0 0 6.1
"2019-05-28" 0.231 0 0 1.7
"2019-05-29" 0.361 0 0 4
"2019-05-30" 0.337 0 0 4.9
"2019-05-31" 0.333 0 0 2.9
"2019-06-01" 0.378 0 0 6.8
"2019-06-02" 0.1 0 0 -6.8
"2019-06-03" 0.043 0 0 -17.1
"2019-06-04" 0.262 0 0 -2.1
"2019-06-05" 0.451 0 0 5.8
"2019-06-06" 0.374 0 0 1.5
"2019-06-07" 0.226 0 0 -3.2
"2019-06-08" 0.492 0 0 5.4
"2019-06-09" 0.536 0 0 2
"2019-06-10" 0.09 0 0 -10.5
"2019-06-11" 0.62 0 0 6.6
"2019-06-12" 0.429 0 0 4.2
"2019-06-13" 0.385 0 0 3.8
"2019-06-14" 0.259 0 0 0.3
"2019-06-15" 0.369 0 0 1.8
"2019-06-16" 0.216 0 0 -2.3
"2019-06-17" 0.155 0 0 -8
"2019-06-18" 0.054 0 0 -17.1
"2019-06-19" 0.026 0 0 -21.5
"2019-06-20" 0.462 0 0 6
"2019-06-21" 0.441 0 0 6.7
"2019-06-22" 0.068 0 0 -13.2
"2019-06-23" 0.488 0 0 5.8
"2019-06-24" 0.574 0 0 7.1
"2019-06-25" 0.488 0 0 7.5
"2019-06-26" 0.429 0 0 5.2
"2019-06-27" 0.539 0 0 6.1
"2019-06-28" 0.499 0 0 5.4
"2019-06-29" 0.313 0 0 3.3
"2019-06-30" 0.371 0 0 0.5
"2019-07-01" 0.388 0 0 5.5
"2019-07-02" 0.413 0 0 4.5
"2019-07-03" 0.34 0 0 3.3
"2019-07-04" 0.433 0 0 3.7
"2019-07-05" 0.554 0 0 5.3
"2019-07-06" 0.496 0 0 6.1
"2019-07-07" 0.76 0 0 7
"2019-07-08" 0.58 0 0 7.9
"2019-07-09" 0.512 0 0 5.7
"2019-07-10" 0.44 0 0 4.3
"2019-07-11" 0.393 0 0 4
"2019-07-12" 0.255 0 0 -0.8
"2019-07-13" 0.186 0 0 -5.2
"2019-07-14" 0.187 0 0 -8
"2019-07-15" 0.355 0 0 -4.5
"2019-07-16" 0.479 0 0 5.6
"2019-07-17" 0.486 0 0 4
"2019-07-18" 0.22 0 0 0.3
"2019-07-19" 0.049 0 0 -16.1
"2019-07-20" 0.222 0 0 -6.2
"2019-07-21" 0.644 0 0 7.2
"2019-07-22" 0.542 0 0 6.6
"2019-07-23" 0.484 0 0 3
"2019-07-24" 0.347 0 0 0.2
"2019-07-25" 0.315 0 0 1
"2019-07-26" 0.09 0 0 -10.4
"2019-07-27" 0.149 0 0 -12.2
"2019-07-28" 0.366 0 0 2.7
"2019-07-29" 0.089 0 0 -12.1
"2019-07-30" 0.028 0 0 -18.5
"2019-07-31" 0.404 0 0 5.3
"2019-08-01" 0.437 0 0 6.3
"2019-08-02" 0.081 0 0 -10.1
"2019-08-03" 0.013 0 0 -28.4
"2019-08-04" 0.23 0 0 -6.1
"2019-08-05" 0.315 0 0 2.6
"2019-08-06" 0.417 0 0 3.6
"2019-08-07" 0.435 0 0 5.5
"2019-08-08" 0.472 0 0 4.6
"2019-08-09" 0.363 0 0 1.6
"2019-08-10" 0.223 0 0 -4.8
"2019-08-11" 0.368 0 0 4.9
"2019-08-12" 0.053 0 0 -13.7
"2019-08-13" 0.017 0 0 -22.7
"2019-08-14" 0.339 0 0 5.5
"2019-08-15" 0.46 0 0 7.9
"2019-08-16" 0.55 0 0 5.8
"2019-08-17" 0.288 0 0 2.4
"2019-08-18" 0.359 0 0 4.1
"2019-08-19" 0.291 0 0 1
"2019-08-20" 0.147 0 0 -4.4
"2019-08-21" 0.481 0 0 6.5
"2019-08-22" 0.087 0 0 -8.3
"2019-08-23" 0.458 0 0 7.5
"2019-08-24" 0.46 0 0 6
"2019-08-25" 0.237 0 0 4.1
"2019-08-26" 0.07 0 0 -8.8
"2019-08-27" 0.063 0 0 -9.4
"2019-08-28" 0.443 0 0 8.7
"2019-08-29" 0.389 0 0 6.3
"2019-08-30" 0.425 0 0 7.8
"2019-08-31" 0.453 0 0 7.5
"2019-09-01" 0.359 0 0 6.6
"2019-09-02" 0.489 0 0 7.3
"2019-09-03" 0.372 0 0 5.5
"2019-09-04" 0.373 0 0 5.7
"2019-09-05" 0.346 0 0 4.5
"2019-09-06" 0.314 0 0 1.9
"2019-09-07" 0.338 0 0 4.2
"2019-09-08" 0.424 0 0 5.6
"2019-09-09" 0.416 0 0 5.4
"2019-09-10" 0.406 0 0 3.8
"2019-09-11" 0.307 0 0 2.8
"2019-09-12" 0.199 0 0 -2.3
"2019-09-13" 0.404 0 0 6.5
"2019-09-14" 0.29 0 0 4.8
"2019-09-15" 0.421 0 0 6.2
"2019-09-16" 0.322 0 0 3.8
"2019-09-17" 0.313 0 0 -1.3
"2019-09-18" 0.268 0 0 -0.2
"2019-09-19" 0.306 0 0 2.4
"2019-09-20" 0.266 0 0 3
"2019-09-21" 0.345 0 0 2.1
"2019-09-22" 0.41 0 0 7.7
"2019-09-23" 0.25 0 0 3.8
"2019-09-24" 0.396 0 0 6.5
"2019-09-25" 0.493 0 0 6.3
"2019-09-26" 0.314 0 0 6
"2019-09-27" 0.344 0 0 6.2
"2019-09-28" 0.372 0 0 6.6
"2019-09-29" 0.428 0 0 7.9
"2019-09-30" 0.419 0 0 7.5
"2019-10-01" 0.407 0 0 6.2
"2019-10-02" 0.307 0 0 5.2
"2019-10-03" 0.339 0 0 4.4
"2019-10-04" 0.367 0 0 4.9
"2019-10-05" 0.328 0 0 5.3
"2019-10-06" 0.232 0 0 1.8
"2019-10-07" 0.303 0 0 -1.7
"2019-10-08" 0.238 0 0 5.1
"2019-10-09" 0.375 0 0 8
"2019-10-10" 0.431 0 0 7.7
"2019-10-11" 0.444 0 0 8.5
"2019-10-12" 0.447 0 0 8.6
"2019-10-13" 0.456 0 0 7.4
"2019-10-14" 0.398 0 0 6.4
"2019-10-15" 0.24 0 0 5.5
"2019-10-16" 0.386 0 0 7.4
"2019-10-17" 0.328 0 0 6.1
"2019-10-18" 0.376 0 0 7.3
"2019-10-19" 0.482 0 0 6.9
"2019-10-20" 0.3 0 0 5
"2019-10-21" 0.192 0 0 2.3
"2019-10-22" 0.39 0 0 7.9
"2019-10-23" 0.303 0 0 7.3
"2019-10-24" 0.376 0 0 8.4
"2019-10-25" 0.193 0 0 1.8
"2019-10-26" 0.402 0 0 8.3
"2019-10-27" 0.364 0 0 7.6
"2019-10-28" 0.347 0 0 7
"2019-10-29" 0.278 0 0 5.6
"2019-10-30" 0.19 0 0 1
"2019-10-31" 0.305 0 0 4.9
"2019-11-01" 0.341 0 0 8.2
"2019-11-02" 0.363 0 0 7.5
"2019-11-03" 0.519 0 0 10.1
"2019-11-04" 0.343 0 0 8.3
"2019-11-05" 0.35 0 0 8.6
"2019-11-06" 0.354 0 0 9.7
"2019-11-07" 0.369 0 0 9.6
"2019-11-08" 0.416 0 0 10
"2019-11-09" 0.372 0 0 10.2
"2019-11-10" 0.371 0 0 10.2
"2019-11-11" 0.283 0 0 7.7
"2019-11-12" 0.291 0 0 8.2
"2019-11-13" 0.324 0 0 8.2
"2019-11-14" 0.408 0 0 9.3
"2019-11-15" 0.48 0 0 11.1
"2019-11-16" 0.473 0 0 11.2
"2019-11-17" 0.334 0 0 9.7
"2019-11-18" 0.207 0 0 3.8
"2019-11-19" 0.295 0 0 7.9
"2019-11-20" 0.296 0 0 9.7
"2019-11-21" 0.438 0 0 11
"2019-11-22" 0.322 0 0 10.1
"2019-11-23" 0.362 0 0 9
"2019-11-24" 0.42 0 0 9.7
"2019-11-25" 0.354 0 0 9.9
"2019-11-26" 0.316 0 0 8.8
"2019-11-27" 0.189 0 0 4.4
"2019-11-28" 0.356 0 0 9
"2019-11-29" 0.376 0 0 9.6
"2019-11-30" 0.329 0 0 8.2
"2019-12-01" 0.312 0 0 8.7
"2019-12-02" 0.262 0 0 7
"2019-12-03" 0.376 0 0 9.2
"2019-12-04" 0.352 0 0 9.4
"2019-12-05" 0.38 0 0 9.9
"2019-12-06" 0.284 0 0 7.7
"2019-12-07" 0.332 0 0 8.1
"2019-12-08" 0.372 0 0 9.4
"2019-12-09" 0.358 0 0 9.4
"2019-12-10" 0.398 0 0 9.5
"2019-12-11" 0.362 0 0 10.2
"2019-12-12" 0.397 0 0 10.3
"2019-12-13" 0.347 0 0 9.2
"2019-12-14" 0.318 0 0 10.4
"2019-12-15" 0.36 0 0 10.2
"2019-12-16" 0.409 1.1 0 11
"2019-12-17" 0.471 0 0 10.7
"2019-12-18" 0.319 0 0 10
"2019-12-19" 0.285 0 0 9
"2019-12-20" 0.321 0 0 9.4
"2019-12-21" 0.562 0.1 0 12
"2019-12-29" 0.407 0 0 11.6
"2019-12-30" 0.408 0 0 11.4
"2019-12-31" 0.391 0 0 11.3
"2020-01-01" 0.394 0 0 12
"2020-01-02" 0.419 0 0 12.1
"2020-01-03" 0.419 0 0 12.2
"2020-01-04" 0.398 0 0 11.7
"2020-01-05" 0.398 0 0 10.8
"2020-01-14" 0.45 0 0 12.4
"2020-01-15" 0.332 0 0 11.7
"2020-01-16" 0.295 0 0 10.2
"2020-01-17" 0.328 0 0 11.6
"2020-01-18" 0.34 0 0 13
"2020-01-19" 0.298 0 0 9.7
"2020-01-20" 0.404 0 0 12.3
"2020-01-21" 0.389 0 0 13
"2020-01-22" 0.346 0 0 12.4
"2020-01-23" 0.34 0 0 12.7
"2020-01-24" 0.331 0 0 12.3
"2020-01-25" 0.364 0 0 13.2
"2020-01-26" 0.355 0 0 13.3
"2020-01-27" 0.398 0 0 14.4
"2020-01-28" 0.53 0 0 14.5
"2020-01-29" 0.431 0 0 13.4
"2020-01-30" 0.432 0 0 13.2
"2020-01-31" 0.381 0 0 12.7
"2020-02-01" 0.427 0 0 13.2
"2020-02-02" 0.401 0 0 13
"2020-02-03" 0.374 0 0 12.4
"2020-02-04" 0.365 0 0 12
"2020-02-05" 0.391 0 0 12.1
"2020-02-06" 0.344 0 0 11.3
"2020-02-07" 0.314 0 0 9.7
"2020-02-08" 0.376 0 0 11.3
"2020-02-09" 0.372 0 0 11.4
"2020-02-10" 0.363 0 0 11.3
"2020-02-11" 0.357 0 0 11.9
"2020-02-12" 0.316 0 0 11.2
"2020-02-13" 0.385 0 0 12.6
"2020-02-14" 0.313 0 0 10.9
"2020-02-15" 0.356 0 0 12.5
"2020-02-16" 0.409 0 0 13.1
"2020-02-17" 0.373 0 0 12.8
"2020-02-18" 0.397 0 0 12.1
"2020-02-19" 0.415 0 0 13.3
"2020-02-20" 0.514 0 0 12.9
"2020-02-21" 0.386 0 0 12.3
"2020-02-22" 0.375 0 0 11.6
"2020-02-23" 0.362 0 0 12.1
"2020-02-24" 0.402 0 0 11.9
"2020-02-25" 0.384 0 0 12.2
"2020-02-26" 0.373 0 0 12.3
"2020-02-27" 0.404 0 0 13.1
"2020-02-28" 0.394 0 0 12.7
"2020-02-29" 0.391 0 0 12.8
"2020-03-01" 0.354 0 0 10.9
"2020-03-02" 0.267 0.4 0 7.6
"2020-03-03" 0.376 0 0 11.8
"2020-03-04" 0.44 0 0 12.5
"2020-03-05" 0.493 0 0 12.9
"2020-03-06" 0.449 0 0 12.9
"2020-03-07" 0.357 0 0 11.4
"2020-03-08" 0.332 0 0 11.8
"2020-03-09" 0.369 0 0 11.7
"2020-03-10" 0.392 0 0 12
"2020-03-11" 0.362 0 0 11.3
"2020-03-12" 0.374 0 0 12.7
"2020-03-13" 0.47 0 0 13
"2020-03-14" 0.419 0 0 13.4
"2020-03-15" 0.552 0 0 13.5
"2020-03-16" 0.498 0 0 13.2
"2020-03-17" 0.408 0 0 12.4
"2020-03-18" 0.399 0 0 12
"2020-03-19" 0.411 0 0 11.6
"2020-03-20" 0.371 0 0 10.3
"2020-03-21" 0.538 0 0 11
"2020-03-22" 0.294 0 0 9.5
"2020-03-23" 0.323 0 0 9.5
"2020-03-24" 0.413 0 0 11.5
"2020-03-25" 0.337 0 0 9.2
"2020-03-26" 0.366 0 0 9.3
"2020-03-27" 0.354 0 0 9.4
"2020-03-28" 0.372 0 0 10.3
"2020-03-29" 0.343 0 0 10.3
"2020-03-30" 0.515 0 0 12.3
"2020-03-31" 0.517 0.2 0 13.3
"2020-04-01" 0.436 0 0 11.5
"2020-04-02" 0.532 0 0 12.3
"2020-04-03" 0.412 0 0 11.6
"2020-04-04" 0.398 0 0 11
"2020-04-05" 0.321 0 0 10.7
"2020-04-06" 0.316 0 0 10.6
"2020-04-07" 0.438 0 0 12.1
"2020-04-08" 0.465 0 0 12.1
"2020-04-09" 0.413 0 0 11.7
"2020-04-10" 0.408 0 0 10.6
"2020-04-11" 0.411 0 0 10.4
"2020-04-12" 0.483 0 0 8.7
"2020-04-13" 0.362 0 0 8.7
"2020-04-14" 0.486 0 0 10.6
"2020-04-15" 0.434 0 0 10.2
"2020-04-16" 0.308 0 0 9.3
"2020-04-17" 0.276 0 0 7.7
"2020-04-18" 0.434 0 0 9.9
"2020-04-19" 0.527 0 0 10.2
"2020-04-20" 0.407 0 0 10.8
"2020-04-21" 0.45 0 0 11.3
"2020-04-22" 0.465 0 0 10.2
"2020-04-23" 0.479 0 0 10.5
"2020-04-24" 0.408 0 0 9.4
"2020-04-25" 0.364 0 0 8.8
"2020-04-26" 0.414 0 0 9.5
"2020-04-27" 0.398 0 0 8.2
"2020-04-28" 0.249 0 0 5.9
"2020-04-29" 0.515 0 0 7.6
"2020-04-30" 0.751 4.5 0 11.4
"2020-05-01" 0.529 0 0 9.8
"2020-05-02" 0.516 0 0 9.7
"2020-05-03" 0.388 0 0 9.4
"2020-05-04" 0.429 0 0 8.6
"2020-05-05" 0.381 0 0 9
"2020-05-06" 0.396 0 0 6
"2020-05-07" 0.479 0 0 9.8
"2020-05-08" 0.521 0 0 8.7
"2020-05-09" 0.389 0 0 7.6
"2020-05-10" 0.544 0 0 9
"2020-05-12" 0.566 2.7 300.9 12.9
"2020-05-19" 0.43 0.1 0 7.6
"2020-05-20" 0.446 0 0 7.6
"2020-05-21" 0.451 0 0 8
"2020-05-22" 0.286 0 0 2.6
"2020-05-23" 0.131 0 0 -6.5
"2020-05-24" 0.092 0 0 -11.6
"2020-05-25" 0.504 0 0 8.1
"2020-05-26" 0.482 0 0 8.4
"2020-05-27" 0.507 0 0 7.8
"2020-05-28" 0.436 0 0 6.4
"2020-05-29" 0.449 0 0 8
"2020-05-30" 0.525 0 0 8.3
"2020-05-31" 0.488 0 0 10.4
"2020-06-01" 0.503 0 0 10.1
"2020-06-02" 0.413 0 0 7
"2020-06-03" 0.475 0 0 5.5
"2020-06-04" 0.441 0 0 3.6
"2020-06-05" 0.082 0 0 -10.9
"2020-06-06" 0.096 0 0 -13.4
"2020-06-07" 0.436 0 0 -1
"2020-06-08" 0.173 0 0 -2.8
"2020-06-09" 0.261 0 0 -2.7
"2020-06-10" 0.509 0 0 4.5
"2020-06-11" 0.627 0 0 7.9
"2020-06-12" 0.422 0 0 6.5
"2020-06-13" 0.068 0 0 -10.7
"2020-06-14" 0.494 0 0 5.4
"2020-06-15" 0.734 0 0 6.9
"2020-06-16" 0.605 0.1 0 7.4
"2020-06-17" 0.406 0 0 6.6
"2020-06-18" 0.157 0 0 -3.2
"2020-06-19" 0.193 0 0 -5.7
"2020-06-20" 0.177 0 0 -3.4
"2020-06-21" 0.165 0 0 -5.2
"2020-06-22" 0.24 0 0 -1.5
"2020-06-23" 0.66 0 0 8.2
"2020-06-24" 0.646 0 0 7.7
"2020-06-25" 0.256 0 0 1.6
"2020-06-26" 0.401 0 0 5.2
"2020-06-27" 0.145 0 0 -5.6
"2020-06-28" 0.378 0 0 3.3
"2020-06-29" 0.577 0 0 6.8
"2020-06-30" 0.162 0 0 -4.5
"2020-07-01" 0.118 0 0 -8.1
"2020-07-02" 0.181 0 0 -7.1
"2020-07-03" 0.143 0 0 -6
"2020-07-04" 0.46 0 0 6.4
"2020-07-05" 0.258 0 0 1.2
"2020-07-06" 0.495 0 0 1.8
"2020-07-07" 0.391 0 0 2.9
"2020-07-08" 0.165 0 0 -5.1
"2020-07-09" 0.046 0 0 -17
"2020-07-10" 0.238 0 0 -8.4
"2020-07-11" 0.349 0 0 2.8
"2020-07-12" 0.141 0 0 -6.8
"2020-07-13" 0.462 0 0 5.9
"2020-07-14" 0.312 0 0 -3.3
"2020-07-15" 0.378 0 0 -5.5
"2020-07-16" 0.085 0 0 -9.9
"2020-07-17" 0.166 0 0 -12.5
"2020-07-18" 0.503 0 0 4.6
"2020-07-20" 0.349 0 0 2.2
"2020-07-21" 0.324 0 0 3.3
"2020-07-22" 0.424 0 0 2.6
"2020-07-23" 0.251 0 0 -3.8
"2020-07-24" 0.236 0 0 -2.5
"2020-07-25" 0.06 0 0 -15.1
"2020-07-26" 0.085 0 0 -16.3
"2020-07-27" 0.324 0 0 1.6
"2020-07-28" 0.06 0 0 -14.1
"2020-07-29" 0.088 0 0 -11.2
"2020-07-30" 0.182 0 0 -6
"2020-07-31" 0.052 0 0 -15.5
"2020-08-01" 0.414 0 0 -0.9
"2020-08-02" 0.271 0 0 0.7
"2020-08-03" 0.402 0 0 1.2
"2020-08-04" 0.527 0 0 6.6
"2020-08-05" 0.335 0 0 5
"2020-08-06" 0.414 0 0 4.1
"2020-08-07" 0.452 0 0 7.8
"2020-08-08" 0.45 0 0 7.3
"2020-08-09" 0.463 0 0 6.1
"2020-08-10" 0.485 0 0 3.7
"2020-08-11" 0.565 0 0 7.3
"2020-08-12" 0.529 0 0 6.9
"2020-08-13" 0.499 0 0 5.4
"2020-08-14" 0.33 0 0 1.7
"2020-08-15" 0.322 0 0 1.8
"2020-08-16" 0.356 0 0 4
"2020-08-17" 0.444 0 0 5.2
"2020-08-18" 0.417 0 0 3.8
"2020-08-19" 0.321 0 0 2.5
"2020-08-20" 0.314 0 0 2.3
"2020-08-21" 0.105 0 0 -9.9
"2020-08-22" 0.415 0 0 5.2
"2020-08-23" 0.419 0 0 3.9
"2020-08-24" 0.361 0 0 3.1
"2020-08-25" 0.34 0 0 2
"2020-08-26" 0.334 0 0 4.1
"2020-08-27" 0.366 0 0 3.8
"2020-08-28" 0.252 0 0 1.1
"2020-08-29" 0.22 0 0 -0.2
"2020-08-30" 0.303 0 0 0.6
"2020-08-31" 0.649 0 0 6.9
"2020-09-01" 0.512 0 0 4.8
"2020-09-02" 0.286 0 0 2.8
"2020-09-03" 0.176 0 0 -1.5
"2020-09-04" 0.339 0 0 5.1
"2020-09-05" 0.314 0 0 4.3
"2020-09-06" 0.322 0 0 1.2
"2020-09-07" 0.206 0 0 0.2
"2020-09-08" 0.389 0 0 5.5
"2020-09-09" 0.226 0 0 2.7
"2020-09-10" 0.396 0 0 1
"2020-09-11" 0.454 0 0 8.4
"2020-09-12" 0.482 0 0 8.1
"2020-09-13" 0.422 0 0 7
"2020-09-14" 0.492 0 0 8
"2020-09-15" 0.431 0 0 7.8
"2020-09-16" 0.37 0 0 6.8
"2020-09-17" 0.277 0 0 3.3
"2020-09-18" 0.385 0 0 6.4
"2020-09-19" 0.405 0 0 8.2
"2020-09-20" 0.288 0 0 4.1
"2020-09-21" 0.243 0 0 3.2
"2020-09-22" 0.324 0 0 0.9
"2020-09-23" 0.445 0 0 6.1
"2020-09-24" 0.439 0 0 8.9
"2020-09-25" 0.37 0 0 7.3
"2020-09-26" 0.451 0 0 6.5
"2020-09-27" 0.276 0 0 3
"2020-09-28" 0.48 0 0 7.5
"2020-09-29" 0.345 0 0 6
"2020-09-30" 0.321 0 0 5.8
"2020-10-01" 0.337 0 0 6.5
"2020-10-02" 0.391 0 0 6.7
"2020-10-03" 0.315 0 0 5.3
"2020-10-04" 0.281 0 0 5.2
"2020-10-05" 0.353 0 0 5.3
"2020-10-06" 0.468 0 0 7.4
"2020-10-07" 0.383 0 0 7.3
"2020-10-08" 0.173 0 0 0.8
"2020-10-09" 0.195 0 0 -2.5
"2020-10-10" 0.337 0 0 6.2
"2020-10-11" 0.396 0 0 8.1
"2020-10-12" 0.328 0 0 7.8
"2020-10-13" 0.464 0 0 8.7
"2020-10-14" 0.254 0 0 3.9
"2020-10-15" 0.416 0 0 6.7
"2020-10-16" 0.287 0 0 7.2
"2020-10-17" 0.397 0 0 7
"2020-10-18" 0.445 0 0 9.4
"2020-10-19" 0.383 0 0 9.1
"2020-10-20" 0.329 0 0 7.1
"2020-10-21" 0.428 0 0 8.6
"2020-10-22" 0.377 0 0 8.6
"2020-10-23" 0.423 0 0 8.9
"2020-10-24" 0.503 0 0 8.9
"2020-10-25" 0.35 0 0 7.9
"2020-10-26" 0.346 0 0 6.5
"2020-10-27" 0.516 0 0 8.6
"2020-10-28" 0.347 0 0 7.6
"2020-10-29" 0.352 0 0 7.6
"2020-10-30" 0.312 0 0 6.2
"2020-10-31" 0.2 0 0 1.4
"2020-11-01" 0.298 0 0 5.5
"2020-11-02" 0.25 0 0 3.6
"2020-11-03" 0.413 0 0 8.1
"2020-11-04" 0.491 0 0 9.1
"2020-11-05" 0.279 0 0 7.2
"2020-11-06" 0.338 0 0 8.7
"2020-11-07" 0.436 0 0 9.8
"2020-11-08" 0.343 0 0 8
"2020-11-09" 0.424 0 0 7.5
"2020-11-10" 0.546 0 0 9.2
"2020-11-11" 0.427 0 0 9
"2020-11-12" 0.398 0 0 9.3
"2020-11-13" 0.374 0 0 8.1
"2020-11-14" 0.35 0 0 7.6
"2020-11-15" 0.373 0 0 6.9
"2020-11-16" 0.443 0 0 8.4
"2020-11-17" 0.337 0 0 5.3
"2020-11-18" 0.239 0 0 4.4
"2020-11-19" 0.334 0 0 6
"2020-11-20" 0.21 0 0 1.2
"2020-11-21" 0.173 0 0 1
"2020-11-22" 0.256 0 0 4.5
"2020-11-23" 0.328 0 0 7.5
"2020-11-24" 0.336 0 0 9
"2020-11-25" 0.29 0 0 8.2
"2020-11-26" 0.402 0 0 9.4
"2020-11-27" 0.358 0 0 9.3
"2020-11-28" 0.299 0 0 8.7
"2020-11-29" 0.295 0 0 8.8
"2020-11-30" 0.361 0 0 10
"2020-12-01" 0.446 0 0 10.1
"2020-12-02" 0.365 0 0 9.3
"2020-12-03" 0.471 0 0 9.6
"2020-12-04" 0.358 0 0 8.8
"2020-12-05" 0.315 0 0 8.6
"2020-12-06" 0.343 0 0 9.2
"2020-12-07" 0.401 0 0 10.3
"2020-12-08" 0.427 0 0 10.2
"2020-12-09" 0.39 0 0 10.3
"2020-12-10" 0.41 0 0 10.3
"2020-12-11" 0.344 0 0 9.7
"2020-12-12" 0.343 0 0 9.4
"2020-12-13" 0.34 0 0 9.8
"2020-12-14" 0.467 0 0 10.9
"2020-12-15" 0.401 0 0 10.9
"2020-12-16" 0.423 0 0 11.3
"2020-12-17" 0.396 0 0 10.6
"2020-12-18" 0.466 0 0 10.6
"2020-12-19" 0.356 0 0 8.8
"2020-12-20" 0.343 0 0 9.5
"2020-12-21" 0.344 0 0 10.1
"2020-12-22" 0.382 0 0 10.2
"2020-12-23" 0.313 0 0 8.3
"2020-12-24" 0.335 0 0 9.5
"2020-12-25" 0.36 0.2 0 9.8
"2020-12-26" 0.343 0 0 9.4
"2020-12-27" 0.306 0 0 9.5
"2020-12-28" 0.307 0 0 9.2
"2020-12-29" 0.354 0 0 9.4
"2020-12-30" 0.32 0 0 10.5
"2020-12-31" 0.317 0 0 9.3
"2021-01-01" 0.346 0 0 10.3
"2021-01-02" 0.37 0 0 10.7
"2021-01-03" 0.399 0 0 11.6
"2021-01-04" 0.417 0 0 11.5
"2021-01-05" 0.361 0 0 10.9
"2021-01-06" 0.362 0 0 10.9
"2021-01-07" 0.334 0 0 10.4
"2021-01-08" 0.31 0 0 9.8
"2021-01-09" 0.346 0 0 10.4
"2021-01-10" 0.36 0 0 9.9
"2021-01-11" 0.267 0 0 7
"2021-01-12" 0.337 0 0 10
"2021-01-13" 0.343 0 0 10.3
"2021-01-14" 0.361 0 0 9.8
"2021-01-15" 0.407 0 0 10.1
"2021-01-16" 0.394 0 0 9.3
"2021-01-17" 0.357 0 0 10.1
"2021-01-18" 0.356 0 0 10.9
"2021-01-19" 0.36 0 0 10.6
"2021-01-20" 0.343 0 0 9.7
"2021-01-21" 0.371 0 0 10.7
"2021-01-22" 0.364 0 0 11
"2021-01-23" 0.323 0 0 10.4
"2021-01-24" 0.279 0.1 0 8.8
"2021-01-25" 0.307 0 0 8.4
"2021-01-26" 0.289 0 0 8.6
"2021-01-27" 0.347 0 0 10.8
"2021-01-28" 0.404 0 0 11.7
"2021-01-29" 0.375 0 0 11.6
"2021-01-30" 0.319 0 0 9.7
"2021-01-31" 0.378 0 0 11.6
"2021-02-01" 0.397 0 0 11.5
"2021-02-02" 0.343 0 0 9.6
"2021-02-03" 0.339 0 0 9.6
"2021-02-04" 0.328 0 0 10.2
"2021-02-05" 0.282 0 0 7.9
"2021-02-06" 0.335 0 0 10.6
"2021-02-07" 0.355 0 0 10.1
"2021-02-08" 0.321 0 0 9.3
"2021-02-09" 0.363 0.2 0 10.4
"2021-02-10" 0.365 0 0 10.7
"2021-02-11" 0.321 0 0 10.5
"2021-02-12" 0.343 0 0 11
"2021-02-13" 0.352 0 0 10.4
"2021-02-14" 0.347 0 0 10.7
"2021-02-15" 0.316 0 0 9.3
"2021-02-16" 0.314 0 0 9.6
"2021-02-17" 0.358 0 0 10.5
"2021-02-18" 0.323 0 0 10.1
"2021-02-19" 0.266 0 0 8.3
"2021-02-20" 0.312 0 0 9.8
"2021-02-21" 0.374 0 0 10.8
"2021-02-22" 0.427 0 0 11.3
"2021-02-23" 0.438 0 0 11.2
"2021-02-24" 0.409 0 0 10.8
"2021-02-25" 0.371 0 0 10.7
"2021-02-26" 0.362 0 0 11.7
"2021-02-27" 0.296 0 0 10
"2021-02-28" 0.38 0 0 11.3
"2021-03-01" 0.374 0 0 12.1
"2021-03-02" 0.381 0 0 12.6
"2021-03-03" 0.394 0 0 11.2
"2021-03-04" 0.398 0 0 11.9
"2021-03-05" 0.381 0 0 12.4
"2021-03-06" 0.322 0 0 11.2
"2021-03-07" 0.358 0 0 11.4
"2021-03-08" 0.399 0 0 12.3
"2021-03-09" 0.357 0 0 11.3
"2021-03-10" 0.382 0 0 11.9
"2021-03-11" 0.417 0 0 11.8
"2021-03-12" 0.458 0 0 13.2
"2021-03-13" 0.449 0 0 12.5
"2021-03-14" 0.546 0 0 12.2
"2021-03-15" 0.392 0 0 9.1
"2021-03-16" 0.295 0 0 8.5
"2021-03-17" 0.383 0 0 10.7
"2021-03-18" 0.362 0 0 9.5
"2021-03-19" 0.369 0 0 7.4
"2021-03-20" 0.267 0 0 6.4
"2021-03-21" 0.271 0 0 7
"2021-03-22" 0.259 0 0 6.2
"2021-03-23" 0.305 0 0 8.4
"2021-03-24" 0.385 0 0 10.5
"2021-03-25" 0.403 0 0 9.2
"2021-03-26" 0.388 0 0 8.9
"2021-03-27" 0.335 0 0 8.4
"2021-03-28" 0.376 0 0 8.5
"2021-03-29" 0.376 0 0 8.9
"2021-03-30" 0.419 0 0 8.2
"2021-03-31" 0.419 0 0 7.8
"2021-04-01" 0.385 0 0 8.9
"2021-04-02" 0.386 0 0 8.1
"2021-04-03" 0.482 0 0 8.6
"2021-04-04" 0.355 0 0 9.6
"2021-04-05" 0.31 0 0 8.2
"2021-04-06" 0.332 0 0 8.1
"2021-04-07" 0.458 0 0 10
"2021-04-08" 0.458 0 0 11.6
"2021-04-09" 0.423 0 0 9.4
"2021-04-10" 0.396 0 0 9.3
"2021-04-11" 0.457 0 0 8
"2021-04-12" 0.361 0 0 8.5
"2021-04-13" 0.415 0 0 9.5
"2021-04-14" 0.429 0 0 10.1
"2021-04-15" 0.431 0 0 9.1
"2021-04-16" 0.469 0 0 9.7
"2021-04-17" 0.368 0 0 9.4
"2021-04-18" 0.383 0 0 8.8
"2021-04-19" 0.509 0 0 9.9
"2021-04-20" 0.362 0 0 7.5
"2021-04-21" 0.321 0 0 6.9
"2021-04-22" 0.429 0 0 8.5
"2021-04-23" 0.41 0 0 7.7
"2021-04-24" 0.371 0 0 6.7
"2021-04-25" 0.428 0 0 9.4
"2021-04-26" 0.457 0 0 9.6
"2021-04-27" 0.389 0 0 8
"2021-04-28" 0.282 0 0 6.7
"2021-04-29" 0.35 0 0 6.3
"2021-04-30" 0.328 0 0 5.7
"2021-05-01" 0.33 0 0 5.7
"2021-05-02" 0.291 0 0 4.9
"2021-05-03" 0.357 0 0 4.6
"2021-05-04" 0.323 0 0 5.8
"2021-05-05" 0.253 0 0 4
"2021-05-06" 0.195 0 0 -1.5
"2021-05-07" 0.42 0 0 8.2
"2021-05-08" 0.374 0 0 6.6
"2021-05-09" 0.384 0 0 7.3
"2021-05-10" 0.443 0 0 7.1
"2021-05-11" 0.544 0 0 8
"2021-05-12" 0.432 0 0 6.7
"2021-05-13" 0.265 0 0 4.5
"2021-05-14" 0.285 0 0 4.7
"2021-05-15" 0.541 0 0 9.5
"2021-05-16" 0.477 0 0 7.2
"2021-05-17" 0.583 0 0 9.5
"2021-05-18" 0.52 0 0 8.8
"2021-05-19" 0.441 0 0 8.5
"2021-05-20" 0.518 0 0 7.3
"2021-06-09" 0.428 0.1 0 6.1
"2021-06-10" 0.241 0 0 0.1
"2021-06-11" 0.075 0 0 -10.4
"2021-06-12" 0.503 0 0 6.2
"2021-06-13" 0.477 0 0 5.3
"2021-06-14" 0.398 0 0 4.7
"2021-06-15" 0.584 0 0 6.2
"2021-06-16" 0.376 0 0 4.6
"2021-06-17" 0.374 0 0 2.1
"2021-06-18" 0.459 0 0 4.8
"2021-06-19" 0.141 0 0 -5.1
"2021-06-20" 0.456 0 0 5
"2021-06-21" 0.227 0 0 -1.4
"2021-06-22" 0.55 0 0 1.1
"2021-06-23" 0.503 0 0 4
"2021-06-24" 0.373 0 0 2.7
"2021-06-25" 0.512 0 0 2.5
"2021-06-26" 0.487 0 0 5.7
"2021-06-27" 0.281 0 0 -1.8
"2021-06-28" 0.065 0 0 -14.5
"2021-06-29" 0.064 0 0 -20.2
"2021-06-30" 0.181 0 0 -6.5
"2021-07-01" 0.734 3.4 0 6.8
