"hr" "ffInst" "radiacionGlobalInst" "td"
"2019-01-01" 0.846 14.8 1263.2 12.1
"2019-01-02" 0.851 13.4 1408 12.6
"2019-01-03" 0.864 14.6 1237.4 13
"2019-01-04" 0.87 14.9 1240.3 12.7
"2019-01-05" 0.796 14.7 1238.6 12.7
"2019-01-06" 0.705 15 1246.2 12.8
"2019-01-07" 0.746 13.4 1472.9 12.5
"2019-01-08" 0.851 14.6 1251 12.6
"2019-01-09" 0.825 15.5 1240 12.9
"2019-01-10" 0.813 14.8 1232.9 12.9
"2019-01-11" 0.914 14.9 1240.1 13.8
"2019-01-12" 0.885 16.3 1230.8 12.9
"2019-01-13" 0.887 16.6 1235.8 12.2
"2019-01-14" 0.838 16.1 1249.1 13.1
"2019-01-15" 0.891 15.7 1237.3 13
"2019-01-16" 0.804 14.9 1335.3 13.2
"2019-01-17" 0.816 15.2 1241.5 13.3
"2019-01-18" 0.862 16.7 1249.6 12.7
"2019-01-19" 0.802 12.9 1247.2 12.2
"2019-01-20" 0.945 13.5 1247.9 13
"2019-01-21" 0.879 15.6 1517.8 12.9
"2019-01-22" 0.834 16.8 1232.8 13.3
"2019-01-23" 0.827 13.7 1216.8 14.1
"2019-01-24" 0.839 15.2 1342.3 13.6
"2019-01-25" 0.876 15.1 1200.8 14
"2019-01-26" 0.901 13.9 1198.3 13.8
"2019-01-27" 0.86 15.6 1192.9 13.9
"2019-01-28" 0.828 15.2 1190.8 13.7
"2019-01-29" 0.791 15.1 1178.9 14.2
"2019-01-30" 0.711 15.4 1175.7 14.5
"2019-01-31" 0.725 15.9 1212.3 14.3
"2019-02-01" 0.861 18.2 1177.3 15.3
"2019-02-02" 0.859 15.9 1186 16
"2019-02-03" 0.872 14.8 1187 16
"2019-02-04" 0.865 14.6 1280.9 15.1
"2019-02-05" 0.862 15 1196 15.1
"2019-02-06" 0.836 14.7 1230.3 15.6
"2019-02-07" 0.771 16.3 1362.9 14.9
"2019-02-08" 0.775 14.3 1220.9 15
"2019-02-09" 0.9 16.5 1294.1 14.8
"2019-02-10" 0.89 15.4 1184.6 15.6
"2019-02-11" 0.889 14.7 1184.6 15
"2019-02-12" 0.892 15.3 1314.6 15.1
"2019-02-13" 0.872 13.8 1208.6 13.8
"2019-02-14" 0.841 15.7 1208.7 12
"2019-02-15" 0.864 14.6 1217.5 12.5
"2019-02-16" 0.741 15.9 1198.7 11.9
"2019-02-17" 0.84 16.2 1203.6 13.6
"2019-02-18" 0.851 13.5 1358.9 13.7
"2019-02-19" 0.91 15.4 1197.1 13.8
"2019-02-20" 0.868 14.7 1181.9 14.2
"2019-02-21" 0.733 13.9 1161.7 14
"2019-02-22" 0.897 16.8 1183 14.2
"2019-02-23" 0.885 15 1168.6 14.9
"2019-02-24" 0.788 13.8 1220.6 14.3
"2019-02-25" 0.798 13 1338 14.3
"2019-02-26" 0.904 12.5 1175 14.3
"2019-02-27" 0.824 14.2 1142.4 13.6
"2019-02-28" 0.925 13.8 1148.2 14
"2019-03-01" 0.881 14 1142 14.2
"2019-03-02" 0.843 13 1207.5 14.1
"2019-03-03" 0.863 14.9 1133.4 13.9
"2019-03-04" 0.817 13.3 1178.9 13.6
"2019-03-05" 0.918 13.4 1126.1 14
"2019-03-06" 0.881 17.3 1210.6 13.8
"2019-03-07" 0.858 13.4 1122.5 13.8
"2019-03-08" 0.858 14.6 1118.6 13.8
"2019-03-09" 0.816 13.6 1364.2 13.3
"2019-03-10" 0.851 14.2 1176.4 12.6
"2019-03-11" 0.814 13.8 1128.7 11.5
"2019-03-12" 0.891 12.7 1119 12.2
"2019-03-13" 0.914 14.3 1113.3 12.9
"2019-03-14" 0.82 13.7 1099 12.8
"2019-03-15" 0.85 13 1095.2 13.1
"2019-03-16" 0.905 12.4 1252.7 12.8
"2019-03-17" 0.897 13.3 1112 12.6
"2019-03-18" 0.944 14.9 1079.1 12.4
"2019-03-19" 0.859 14.3 1080.3 12.7
"2019-03-20" 0.94 14.7 1076 13
"2019-03-21" 0.892 15.1 1098.2 12.1
"2019-03-22" 0.937 13.5 1066.4 11.9
"2019-03-23" 0.934 13.1 1088.9 11.9
"2019-03-24" 0.937 12.2 1134.4 12.1
"2019-03-25" 0.91 13.5 1108.2 12.2
"2019-03-26" 0.879 12.5 1023.5 12.2
"2019-03-27" 0.901 11.7 1021.5 12.1
"2019-03-28" 0.876 12.7 1055.2 11.8
"2019-03-29" 0.902 11.8 1174 11.7
"2019-03-30" 0.865 12.5 1280.8 12.5
"2019-03-31" 0.869 12.6 1282.1 12.9
"2019-04-01" 0.885 14.9 1005.3 11.2
"2019-04-02" 0.761 12.3 993.7 11.1
"2019-04-03" 0.846 11.5 1131.9 12.2
"2019-04-04" 0.745 16.3 966.7 11.2
"2019-04-05" 0.765 13.2 962.1 11.6
"2019-04-06" 0.754 17.1 967.3 12.7
"2019-04-07" 0.961 12.5 1079.9 12.8
"2019-04-08" 0.935 13.4 961.7 12.2
"2019-04-09" 0.899 12.8 996.2 12
"2019-04-10" 0.911 13.3 961.1 11.3
"2019-04-11" 0.841 11.8 1271.7 11.5
"2019-04-12" 0.851 13 946.6 11
"2019-04-13" 0.875 12.2 958.9 10.4
"2019-04-14" 0.908 13.3 970.2 11.1
"2019-04-15" 0.931 13.9 946.3 11.5
"2019-04-16" 0.969 17.3 938 11.6
"2019-04-17" 0.942 11.7 939.6 11.1
"2019-04-18" 0.878 11.5 1048.6 10.8
"2019-04-19" 0.849 12.3 1062.5 10.5
"2019-04-20" 0.858 11.9 944.1 10.5
"2019-04-21" 0.895 11 877.7 10.6
"2019-04-22" 0.844 9.6 1088.5 10.2
"2019-04-23" 0.916 12.2 951.2 9.9
"2019-04-24" 0.787 12.7 1102.2 8.9
"2019-04-25" 0.869 11.6 829.5 10.3
"2019-04-26" 0.932 14.5 838.8 11.4
"2019-04-27" 0.868 13.7 868.9 11.1
"2019-04-28" 0.943 13.5 865.6 11.6
"2019-04-29" 0.897 9.4 1004.5 11.6
"2019-04-30" 0.865 10.4 1011.5 11.6
"2019-05-01" 0.92 14.4 876.6 10.8
"2019-05-02" 0.931 14.6 896 11
"2019-05-03" 0.96 13.8 858.9 11
"2019-05-04" 0.891 10.1 961.3 11
"2019-05-05" 0.885 15.6 831.6 10.8
"2019-05-06" 0.965 16.4 749.1 11
"2019-05-07" 0.914 15 897.9 11.2
"2019-05-08" 0.96 13.5 857.7 10.3
"2019-05-09" 0.845 10.2 938.6 9.4
"2019-05-10" 0.889 14.1 828.7 8.3
"2019-05-11" 0.77 9.8 868 8.2
"2019-05-12" 0.822 14.5 867.5 9.8
"2019-05-13" 0.968 10.4 901.7 9.8
"2019-05-14" 0.899 14.1 789.2 9.9
"2019-05-15" 0.971 14.4 826 10.6
"2019-05-16" 0.97 15 834 9.1
"2019-05-17" 0.909 10.6 1048.7 8.5
"2019-05-18" 0.866 11.5 805.6 9.6
"2019-05-19" 0.963 12.7 841.6 9.9
"2019-05-20" 0.876 12.5 892.1 9.4
"2019-05-21" 0.813 12.7 764.1 7.5
"2019-05-22" 0.893 11.1 784.1 6.4
"2019-05-23" 0.533 12.7 831.6 2.2
"2019-05-24" 0.735 18 891.2 8.1
"2019-05-25" 0.883 12.3 570.1 8.4
"2019-05-26" 0.769 8.7 757.5 8
"2019-05-27" 0.813 12.5 985.2 9
"2019-05-28" 0.829 11.6 839.4 9.3
"2019-05-29" 0.768 11 839.9 8.4
"2019-05-30" 0.862 12.7 738.7 9.6
"2019-05-31" 0.838 11.6 894.4 10.9
"2019-06-01" 0.878 11.8 711.7 10.1
"2019-06-02" 0.829 11.1 731.7 9.6
"2019-06-03" 0.654 14.1 735.4 9.3
"2019-06-04" 0.95 13.7 735.8 9.9
"2019-06-05" 0.939 13.6 736.5 9
"2019-06-06" 0.901 12.3 721.8 9.3
"2019-06-07" 0.85 12.3 739 9.3
"2019-06-08" 0.957 9.8 849.4 8.3
"2019-06-09" 0.954 12.3 746.7 7.7
"2019-06-10" 0.901 14.8 758.6 7.9
"2019-06-11" 0.96 9 527.8 8.2
"2019-06-12" 0.889 10.5 691.9 7.6
"2019-06-13" 0.909 11.4 691.5 9
"2019-06-14" 0.938 11 696.1 9.6
"2019-06-15" 0.888 11.3 691.2 7.8
"2019-06-16" 0.8 12.1 701 2.7
"2019-06-17" 0.856 13.8 703 6
"2019-06-18" 0.72 11.2 759.8 4.7
"2019-06-19" 0.699 16 690 8.7
"2019-06-20" 0.967 12.2 804.1 8.9
"2019-06-21" 0.903 12.8 791.6 9.3
"2019-06-22" 0.772 13.6 714.7 9
"2019-06-23" 0.973 11.7 685.5 9.2
"2019-06-24" 0.936 10.1 397 9.1
"2019-06-25" 0.876 10.6 700.4 9.1
"2019-06-26" 0.942 10.8 730 8
"2019-06-27" 0.969 12 687.4 8.1
"2019-06-28" 0.846 11.5 765.4 7.6
"2019-06-29" 0.793 12 681.4 8
"2019-06-30" 0.882 12 632 8.1
"2019-07-01" 0.915 11.4 814.2 8.6
"2019-07-02" 0.969 12.6 726.2 8.7
"2019-07-03" 0.843 12.9 702.2 7.3
"2019-07-04" 0.96 13.7 705 8.1
"2019-07-05" 0.97 12.2 793.9 8.6
"2019-07-06" 0.899 20.7 724.2 8.9
"2019-07-07" 0.909 7.8 0 8.9
"2019-07-08" 0.843 10.8 923.2 8.7
"2019-07-09" 0.945 13.3 840.3 8.5
"2019-07-10" 0.939 12.7 740 7.7
"2019-07-11" 0.963 12.1 751.3 8
"2019-07-12" 0.887 11.5 769.1 7.7
"2019-07-13" 0.916 14.1 858.7 7.5
"2019-07-14" 0.835 11.9 879.3 7.8
"2019-07-15" 0.964 12.1 763.1 8.2
"2019-07-16" 0.884 13.1 742 8.3
"2019-07-17" 0.956 12.1 741.3 7.4
"2019-07-18" 0.956 14.6 741.2 7.5
"2019-07-19" 0.963 13.3 829.8 8
"2019-07-20" 0.973 13.7 813.9 8.4
"2019-07-21" 0.892 11.4 566.1 9
"2019-07-22" 0.866 9.9 859.4 8.6
"2019-07-23" 0.77 12.4 1039 7.4
"2019-07-24" 0.819 12.2 854.8 5.1
"2019-07-25" 0.771 13.4 752.6 4.2
"2019-07-26" 0.644 12 783.5 4.3
"2019-07-27" 0.764 14.4 794.6 7.8
"2019-07-28" 0.929 13.9 783.2 7.5
"2019-07-29" 0.904 12.4 792.5 7.5
"2019-07-30" 0.518 13.3 781.6 6.4
"2019-07-31" 0.97 14.8 946.4 9.2
"2019-08-01" 0.961 15.7 781.6 9.1
"2019-08-02" 0.819 11.5 804.7 7.3
"2019-08-03" 0.518 14.8 832.3 5.6
"2019-08-04" 0.97 13.2 820.5 7.1
"2019-08-05" 0.872 11.8 816 7.4
"2019-08-06" 0.97 12.4 822.2 7.6
"2019-08-07" 0.91 12.3 817.5 8.1
"2019-08-08" 0.867 13.1 921.4 7.7
"2019-08-09" 0.779 11.9 840.1 6.4
"2019-08-10" 0.874 13 848.9 7.5
"2019-08-11" 0.911 14.2 978.5 7.4
"2019-08-12" 0.705 10.7 856.5 7.1
"2019-08-13" 0.492 16.1 893.9 7.3
"2019-08-14" 0.92 12.6 835.7 9.4
"2019-08-15" 0.856 12.7 870.6 9
"2019-08-16" 0.953 10.3 935.2 8.2
"2019-08-17" 0.926 14.4 924.3 7.9
"2019-08-18" 0.913 15.5 880.7 8.2
"2019-08-19" 0.903 15.1 886.1 8.4
"2019-08-20" 0.937 16.7 891.8 8.6
"2019-08-21" 0.909 14.1 879.7 8.8
"2019-08-22" 0.799 17.3 903.2 9.3
"2019-08-23" 0.965 14.9 895.6 9.3
"2019-08-24" 0.906 13.5 979.1 8.9
"2019-08-25" 0.917 15.3 904.6 9
"2019-08-26" 0.69 12.5 922.4 8.9
"2019-08-27" 0.617 17.1 924.8 9.3
"2019-08-28" 0.957 12.5 1033.7 10.1
"2019-08-29" 0.962 15.4 937.1 9.8
"2019-08-30" 0.974 14.7 937.9 10.3
"2019-08-31" 0.96 12.4 1081 9.4
"2019-09-01" 0.896 13.8 948.9 8.9
"2019-09-02" 0.889 13.1 976.9 8.5
"2019-09-03" 0.955 14.1 970.6 8.5
"2019-09-04" 0.946 13.7 977.9 8.5
"2019-09-05" 0.899 13.6 1151.2 7.5
"2019-09-06" 0.871 14.6 1075.6 7.4
"2019-09-07" 0.78 13.5 982.5 7.6
"2019-09-08" 0.867 15.7 1431.7 8.9
"2019-09-09" 0.886 14.6 1289.7 7.8
"2019-09-10" 0.887 14 974.7 7
"2019-09-11" 0.855 13.1 997.4 7.6
"2019-09-12" 0.737 12.8 1003.2 8.4
"2019-09-13" 0.883 11.1 1041.5 8.5
"2019-09-14" 0.848 13.9 1001.1 7.3
"2019-09-15" 0.893 12.5 1092.5 7.6
"2019-09-16" 0.968 13 1045.8 8.3
"2019-09-17" 0.868 14.9 1354.4 7.6
"2019-09-18" 0.837 13.9 1041.1 6.6
"2019-09-19" 0.727 14.8 1025.3 6.6
"2019-09-20" 0.88 11.6 1037.8 8.1
"2019-09-21" 0.871 14.6 1061.5 9.3
"2019-09-22" 0.941 14 1023.7 9.1
"2019-09-23" 0.949 12.7 1290.6 10
"2019-09-24" 0.953 14.2 1031.5 9
"2019-09-25" 0.863 11.7 1089.2 7.3
"2019-09-26" 0.877 13.3 1045.2 8.2
"2019-09-27" 0.827 12.7 1054.2 8
"2019-09-28" 0.903 15.5 1053.9 8.6
"2019-09-29" 0.876 12 1182 9
"2019-09-30" 0.877 13.7 1354.9 9.1
"2019-10-01" 0.923 16 1200.7 9.5
"2019-10-02" 0.855 14 1097.5 7.5
"2019-10-03" 0.851 15 1105.3 7
"2019-10-04" 0.927 14 1186.8 7.6
"2019-10-05" 0.9 12.6 1114.3 7.8
"2019-10-06" 0.881 14.4 1118.8 8.5
"2019-10-07" 0.848 16.7 1127.1 8.8
"2019-10-08" 0.967 16.2 1115.1 11.6
"2019-10-09" 0.97 15.2 1165.5 10.3
"2019-10-10" 0.947 14.6 1189.3 9.6
"2019-10-11" 0.893 15.1 1233.5 9.8
"2019-10-12" 0.87 13.7 1216.7 9.9
"2019-10-13" 0.851 15.2 1308.2 9.6
"2019-10-14" 0.698 14 1273.7 9.5
"2019-10-15" 0.948 14.2 1141.4 10.7
"2019-10-16" 0.91 14.2 1204.6 10
"2019-10-17" 0.881 14.9 1154.4 8.7
"2019-10-18" 0.913 14.3 1149.5 8.8
"2019-10-19" 0.882 15.9 1291.3 9.7
"2019-10-20" 0.825 15 1176.5 8.9
"2019-10-21" 0.696 13.3 1173.6 9.2
"2019-10-22" 0.903 14.2 1255.9 10.1
"2019-10-23" 0.828 14.9 1171.7 10
"2019-10-24" 0.896 12.8 1177 10.2
"2019-10-25" 0.886 16 1181.3 10.3
"2019-10-26" 0.947 16.9 1210 10.1
"2019-10-27" 0.907 16.3 1214 9.8
"2019-10-28" 0.858 13.8 1215.6 9.9
"2019-10-29" 0.816 16.2 1206.6 9.4
"2019-10-30" 0.787 17.2 1220.8 8.9
"2019-10-31" 0.915 14.1 1369.7 9.7
"2019-11-01" 0.851 15.5 1194.6 9.7
"2019-11-02" 0.854 15.8 1302.3 10.5
"2019-11-03" 0.864 13.5 1446.4 11.2
"2019-11-04" 0.838 15 1219.3 10.5
"2019-11-05" 0.92 14.6 1207.6 10.2
"2019-11-06" 0.933 13.1 1212.8 10.6
"2019-11-07" 0.913 15.8 1214.4 10.8
"2019-11-08" 0.861 13.6 1198.2 11
"2019-11-09" 0.828 13.2 1414.8 11
"2019-11-10" 0.879 15.4 1210.5 11.4
"2019-11-11" 0.82 14.5 1232.8 11.1
"2019-11-12" 0.884 15.4 1212.6 11.3
"2019-11-13" 0.883 16.7 1215.8 10.6
"2019-11-14" 0.894 15 1215 11.9
"2019-11-15" 0.857 14.8 1473.1 12.6
"2019-11-16" 0.891 14.3 1605.5 12.7
"2019-11-17" 0.895 13.4 1214 12.1
"2019-11-18" 0.932 15.8 1209.9 12.2
"2019-11-19" 0.91 13 1212.2 11.9
"2019-11-20" 0.892 16.4 1204.5 12.5
"2019-11-21" 0.865 15.6 1216.4 12.6
"2019-11-22" 0.756 16.9 1173.1 11.7
"2019-11-23" 0.774 15.7 1201.3 11.6
"2019-11-24" 0.899 15.8 1441.1 12.4
"2019-11-25" 0.784 17.6 1419.5 11.9
"2019-11-26" 0.85 14.6 1199.1 11.3
"2019-11-27" 0.724 15.6 1241.2 9.5
"2019-11-28" 0.915 14.9 1251.7 10.6
"2019-11-29" 0.756 17.8 1347 10.9
"2019-11-30" 0.873 14.7 1264.5 11.4
"2019-12-01" 0.872 13.2 1347.5 11.7
"2019-12-02" 0.9 14.2 1260.1 11.9
"2019-12-03" 0.882 15 1268.5 11.4
"2019-12-04" 0.851 15.3 1386.8 11.1
"2019-12-05" 0.903 12.6 1436.6 11.3
"2019-12-06" 0.864 15 1460.9 11.4
"2019-12-07" 0.873 14.5 1260.1 11.3
"2019-12-08" 0.852 15.7 1302.1 11.2
"2019-12-09" 0.853 13.6 1259.4 10.8
"2019-12-10" 0.835 15.1 1263.5 11.3
"2019-12-11" 0.838 17.1 1250.4 11.6
"2019-12-12" 0.865 16 1323 11.5
"2019-12-13" 0.822 14 1484.8 12
"2019-12-14" 0.845 14.2 1247.2 11.9
"2019-12-15" 0.948 15.4 1241.1 12.6
"2019-12-16" 0.745 16.9 1244.1 12.6
"2019-12-17" 0.875 15.5 1256.2 12.2
"2019-12-18" 0.871 15.4 1279.2 12.3
"2019-12-19" 0.85 14.8 1257.1 11.8
"2019-12-20" 0.894 15.8 1256.2 12.5
"2019-12-21" 0.691 10.8 0 12.4
"2019-12-29" 0.88 14.3 1378.5 13.1
"2019-12-30" 0.881 14.8 1263.3 12.9
"2019-12-31" 0.874 15.6 1298.6 13.2
"2020-01-01" 0.861 15.2 1252.2 12.7
"2020-01-02" 0.863 15 1304.1 13.3
"2020-01-03" 0.824 13.9 1339.9 13.8
"2020-01-04" 0.844 15.6 1234.4 12.9
"2020-01-05" 0.781 12.3 1244.4 12.9
"2020-01-14" 0.91 15.7 1435.9 13.7
"2020-01-15" 0.807 14.4 1237.7 13.8
"2020-01-16" 0.909 14.3 1349.7 13.8
"2020-01-17" 0.919 16.3 1208.6 14.3
"2020-01-18" 0.893 15.3 1199.4 14.5
"2020-01-19" 0.827 15.4 1318 14.9
"2020-01-20" 0.809 14.8 1221.9 14.7
"2020-01-21" 0.87 14.7 1216.1 14.8
"2020-01-22" 0.85 14.5 1329.2 14.7
"2020-01-23" 0.833 14 1237.9 15
"2020-01-24" 0.663 17.7 1189.1 14.9
"2020-01-25" 0.658 16.6 1189.3 14.9
"2020-01-26" 0.786 18.3 1185.4 14.8
"2020-01-27" 0.909 15.2 1191.8 15.9
"2020-01-28" 0.849 13.7 1434.7 15.5
"2020-01-29" 0.834 14.6 1260 15.6
"2020-01-30" 0.786 16.3 1206.2 15
"2020-01-31" 0.847 15.2 1216.4 14.4
"2020-02-01" 0.835 16.1 1218 14.4
"2020-02-02" 0.822 14.1 1213 14.5
"2020-02-03" 0.83 14 1210.6 15.1
"2020-02-04" 0.795 16.4 1214 15
"2020-02-05" 0.896 15.4 1211.2 14.1
"2020-02-06" 0.855 15.4 1343 13.5
"2020-02-07" 0.832 15 1210.7 12.7
"2020-02-08" 0.947 14.4 1226.9 13
"2020-02-09" 0.788 13.9 1214 12.9
"2020-02-10" 0.85 13.4 1256.3 13
"2020-02-11" 0.856 14 1192.2 13.5
"2020-02-12" 0.851 17 1215.6 14.1
"2020-02-13" 0.861 15.8 1186.9 14.3
"2020-02-14" 0.924 15.4 1207 14.1
"2020-02-15" 0.889 14.2 1180 14.5
"2020-02-16" 0.863 14.5 1173 14.7
"2020-02-17" 0.844 14.6 1158.3 13.8
"2020-02-18" 0.918 14.9 1179.8 14.4
"2020-02-19" 0.847 13 1302.4 14.3
"2020-02-20" 0.839 13.8 1340.8 14.6
"2020-02-21" 0.959 15.6 1164.8 14
"2020-02-22" 0.833 16.1 1150.8 14.1
"2020-02-23" 0.866 13 1161 14
"2020-02-24" 0.863 13.3 1154.2 13.8
"2020-02-25" 0.875 14.8 1141.3 13.6
"2020-02-26" 0.852 15.1 1133.5 14.1
"2020-02-27" 0.897 13.1 1130.4 14.7
"2020-02-28" 0.923 15.3 1134.8 14.2
"2020-02-29" 0.939 14.9 1138.3 14.1
"2020-03-01" 0.861 14.9 1134.7 13.8
"2020-03-02" 0.895 16.8 1139.1 12.8
"2020-03-03" 0.878 14.3 1127.1 13.6
"2020-03-04" 0.9 14.6 1127.9 13.8
"2020-03-05" 0.858 14.4 1250 13.8
"2020-03-06" 0.891 12.2 1344.8 14.3
"2020-03-07" 0.874 12.2 1248.1 13.9
"2020-03-08" 0.892 15.5 1093.5 13.7
"2020-03-09" 0.964 15.6 1120.5 14.5
"2020-03-10" 0.922 14.3 1182.1 14.3
"2020-03-11" 0.924 13.9 1068.7 14
"2020-03-12" 0.898 13.2 1071.6 14.4
"2020-03-13" 0.893 12.2 1188.9 14.4
"2020-03-14" 0.914 13.1 1168.9 14.5
"2020-03-15" 0.924 13.8 1284.6 14.5
"2020-03-16" 0.895 14 1358 14.1
"2020-03-17" 0.879 12.7 1081 13.8
"2020-03-18" 0.908 12.9 1043.1 13.6
"2020-03-19" 0.858 14.1 1037.4 13.3
"2020-03-20" 0.886 13.5 1064.2 12.4
"2020-03-21" 0.861 12.8 1204.6 13.7
"2020-03-22" 0.885 13.5 1035.4 13.9
"2020-03-23" 0.79 14.3 1042.3 13
"2020-03-24" 0.965 16.1 1042.9 13.5
"2020-03-25" 0.905 12.3 1031.5 13
"2020-03-26" 0.887 12.2 1041.1 12.6
"2020-03-27" 0.818 12 1025.1 12.1
"2020-03-28" 0.935 11.5 1008.3 12
"2020-03-29" 0.886 13.7 1025 13
"2020-03-30" 0.962 13.8 1342.6 14
"2020-03-31" 0.909 14.9 1069.8 14.7
"2020-04-01" 0.947 13.5 987.5 13.5
"2020-04-02" 0.872 12.2 1228.1 12.9
"2020-04-03" 0.903 12.9 1000.8 13.3
"2020-04-04" 0.824 13.1 981.8 12.6
"2020-04-05" 0.784 13.1 953.4 13.5
"2020-04-06" 0.854 13.5 945.4 13.7
"2020-04-07" 0.96 12 981 13.8
"2020-04-08" 0.879 10 1188.5 13.4
"2020-04-09" 0.866 11.3 1041.9 13
"2020-04-10" 0.796 11.9 923.9 13.3
"2020-04-11" 0.852 13.5 1132.8 12.4
"2020-04-12" 0.821 12.7 1099.5 11.2
"2020-04-13" 0.904 14.5 953.6 12.1
"2020-04-14" 0.95 13.5 1065.2 12.1
"2020-04-15" 0.824 10.9 1074.5 11.9
"2020-04-16" 0.819 13.1 912.9 11.4
"2020-04-17" 0.75 15.3 920.9 12.3
"2020-04-18" 0.965 12.5 906.4 12.5
"2020-04-19" 0.952 12.2 1002.2 12.9
"2020-04-20" 0.931 12.2 919.5 12.8
"2020-04-21" 0.969 12 898.9 12.9
"2020-04-22" 0.924 14.8 884.6 12.4
"2020-04-23" 0.895 11.4 935.8 11.9
"2020-04-24" 0.823 12.8 1174.2 11.3
"2020-04-25" 0.925 12.3 870.7 11.6
"2020-04-26" 0.948 11.8 860.1 12.5
"2020-04-27" 0.909 11.6 851.4 11.6
"2020-04-28" 0.794 11.5 857.1 10.6
"2020-04-29" 0.969 14.1 860.2 12.2
"2020-04-30" 0.751 4.5 0 11.4
"2020-05-01" 0.878 12.6 875.2 11
"2020-05-02" 0.926 12 1170.1 10.9
"2020-05-03" 0.893 14.4 881.9 11.3
"2020-05-04" 0.962 11.3 824.5 11.1
"2020-05-05" 0.925 12.4 818.5 11.2
"2020-05-06" 0.949 12.2 820.4 11.5
"2020-05-07" 0.975 13.7 844.2 11.4
"2020-05-08" 0.96 12.9 889.8 11.2
"2020-05-09" 0.969 13.4 904.9 10.9
"2020-05-10" 0.917 10.5 797.7 10.8
"2020-05-12" 0.588 9 381.3 13
"2020-05-19" 0.742 14.5 749.8 9.4
"2020-05-20" 0.848 12.3 770.6 9.5
"2020-05-21" 0.844 11.8 738.7 10.8
"2020-05-22" 0.893 12.6 815.4 10.5
"2020-05-23" 0.758 15.5 762.1 10
"2020-05-24" 0.878 15.5 761.6 10.5
"2020-05-25" 0.969 11.6 849 10.3
"2020-05-26" 0.875 10.8 735.2 9.9
"2020-05-27" 0.92 10.6 787.7 9.5
"2020-05-28" 0.891 12.1 924.5 9.1
"2020-05-29" 0.812 9.7 904.1 9.8
"2020-05-30" 0.76 11.3 943.4 10.7
"2020-05-31" 0.939 13.3 875.4 12
"2020-06-01" 0.891 10.8 703.5 12.2
"2020-06-02" 0.959 12.2 710.1 10.9
"2020-06-03" 0.85 12.4 740.9 10.5
"2020-06-04" 0.85 13.2 825.5 7.1
"2020-06-05" 0.834 15.4 731 5.7
"2020-06-06" 0.799 12.8 743.5 9
"2020-06-07" 0.959 14.9 710.7 9.2
"2020-06-08" 0.909 13.2 700 8.2
"2020-06-09" 0.788 15.7 722 9.2
"2020-06-10" 0.959 13.4 711.4 9.4
"2020-06-11" 0.896 10.7 329.2 10.5
"2020-06-12" 0.922 11.6 701.4 9.8
"2020-06-13" 0.711 11.6 725.5 7.9
"2020-06-14" 0.972 11.3 771.5 9.2
"2020-06-15" 0.926 15.2 0 9.2
"2020-06-16" 0.721 9.7 474.7 8.3
"2020-06-17" 0.836 12.4 772.6 10
"2020-06-18" 0.867 13.1 712 9.6
"2020-06-19" 0.721 12.5 707.4 9.4
"2020-06-20" 0.925 14.1 702.3 10.3
"2020-06-21" 0.946 14.5 707.3 10.2
"2020-06-22" 0.96 13 700.6 10.2
"2020-06-23" 0.919 9.9 653.9 9.5
"2020-06-24" 0.931 11 423.3 10
"2020-06-25" 0.892 13 873.8 9.6
"2020-06-26" 0.916 12.1 698.1 8.4
"2020-06-27" 0.875 12.5 711.3 8.3
"2020-06-28" 0.951 11.6 859.6 9.1
"2020-06-29" 0.92 11.9 724.9 9.1
"2020-06-30" 0.829 11.5 737.8 8.4
"2020-07-01" 0.651 12.4 704.6 6.1
"2020-07-02" 0.789 13.4 708.7 9.9
"2020-07-03" 0.864 15.7 720.7 10
"2020-07-04" 0.975 11.4 822 9.2
"2020-07-05" 0.914 11.1 726.4 8.7
"2020-07-06" 0.896 12.4 856.8 8
"2020-07-07" 0.876 9.8 730.2 7.8
"2020-07-08" 0.861 11.4 724.8 7.3
"2020-07-09" 0.592 13.6 733.6 3.9
"2020-07-10" 0.964 13 734.6 8.7
"2020-07-11" 0.966 12.7 731.8 8.9
"2020-07-12" 0.925 14.7 751.2 8.7
"2020-07-13" 0.922 11.3 736.2 8.1
"2020-07-14" 0.957 12.4 758.4 8.1
"2020-07-15" 0.969 17.4 755.5 7.5
"2020-07-16" 0.956 16.2 768.9 8.1
"2020-07-17" 0.955 15.9 754 8.2
"2020-07-18" 0.919 15.1 753.5 7.9
"2020-07-20" 0.927 10.2 819.1 7.9
"2020-07-21" 0.829 12 787.4 8.5
"2020-07-22" 0.83 11.5 753.6 7.5
"2020-07-23" 0.877 12.9 772.5 6.7
"2020-07-24" 0.835 12.7 835 5.1
"2020-07-25" 0.605 11.4 784.3 2.9
"2020-07-26" 0.674 13.3 784.7 7.9
"2020-07-27" 0.959 12.7 794.9 8.6
"2020-07-28" 0.731 13.4 796.3 7.9
"2020-07-29" 0.728 15.8 829.8 8.2
"2020-07-30" 0.953 14.7 799.4 8.3
"2020-07-31" 0.711 12.8 818.7 8.1
"2020-08-01" 0.958 15.4 792.6 7.5
"2020-08-02" 0.931 13.3 799.7 8.5
"2020-08-03" 0.96 14 817.6 9
"2020-08-04" 0.946 13.8 845.7 9
"2020-08-05" 0.894 13.1 818.3 9
"2020-08-06" 0.97 16.7 829.3 11
"2020-08-07" 0.942 14.6 824.8 9.8
"2020-08-08" 0.932 11.9 826.5 9.2
"2020-08-09" 0.972 12.9 815.3 9
"2020-08-10" 0.964 13.4 988.3 9.4
"2020-08-11" 0.939 11.3 866 8.6
"2020-08-12" 0.871 10.9 1139.1 8.7
"2020-08-13" 0.942 15.4 861.2 7.4
"2020-08-14" 0.866 16 856.2 6.6
"2020-08-15" 0.881 12.1 873.8 7.1
"2020-08-16" 0.897 12.5 871.8 7.8
"2020-08-17" 0.895 12.2 907.8 7.3
"2020-08-18" 0.806 11 1012.8 6.6
"2020-08-19" 0.904 11.6 879.5 7.1
"2020-08-20" 0.95 13.4 882.2 7.5
"2020-08-21" 0.962 16.7 898 7.4
"2020-08-22" 0.971 13 870.8 7.3
"2020-08-23" 0.813 13.8 1129.8 6.6
"2020-08-24" 0.756 14.1 874.6 5.6
"2020-08-25" 0.689 14.5 884.9 6.7
"2020-08-26" 0.809 12.1 902.1 8.3
"2020-08-27" 0.936 11.5 906.3 7.9
"2020-08-28" 0.934 12.6 962 7.8
"2020-08-29" 0.875 14.1 930.9 7.5
"2020-08-30" 0.824 12.1 984.4 7.6
"2020-08-31" 0.913 9.1 431.7 9.3
"2020-09-01" 0.921 11.2 1041.2 8.2
"2020-09-02" 0.85 13.4 1019.7 7.2
"2020-09-03" 0.918 14.5 962.2 8
"2020-09-04" 0.963 16.4 948.1 8.3
"2020-09-05" 0.873 13.5 960.7 7.7
"2020-09-06" 0.802 15.2 966.8 7.5
"2020-09-07" 0.899 13.9 972.8 8.1
"2020-09-08" 0.894 15.9 1126.6 8.3
"2020-09-09" 0.916 13.5 975.9 8
"2020-09-10" 0.962 14.4 941.5 9
"2020-09-11" 0.839 14.3 982.1 9.5
"2020-09-12" 0.857 13 958.1 9.7
"2020-09-13" 0.911 13.1 978.1 9.6
"2020-09-14" 0.964 15.5 986.9 9.1
"2020-09-15" 0.839 13.2 985.1 9
"2020-09-16" 0.885 13.5 995.3 8.4
"2020-09-17" 0.969 14.2 1008.5 9.3
"2020-09-18" 0.974 14.5 1005.1 9.1
"2020-09-19" 0.886 13 1003.8 9.2
"2020-09-20" 0.928 13.5 1003.5 9.1
"2020-09-21" 0.951 16.8 1014.4 8.5
"2020-09-22" 0.908 16.6 1019.6 9.5
"2020-09-23" 0.971 14.8 1242.3 10.5
"2020-09-24" 0.87 12.8 1045.7 10.1
"2020-09-25" 0.877 14.6 1033.1 9.7
"2020-09-26" 0.868 14.3 1037.6 8.3
"2020-09-27" 0.835 13.1 1055.9 8.5
"2020-09-28" 0.971 11.7 1179.9 9.3
"2020-09-29" 0.846 14.3 1110.5 8.3
"2020-09-30" 0.921 13.8 1067.9 8.2
"2020-10-01" 0.96 11.9 1069.8 8.7
"2020-10-02" 0.892 13.5 1075.5 8.6
"2020-10-03" 0.939 15.3 1103.5 9
"2020-10-04" 0.892 13.9 1128.6 7.4
"2020-10-05" 0.923 15 1312.7 7.8
"2020-10-06" 0.791 13.9 1324.9 9.2
"2020-10-07" 0.943 15 1113.2 9.8
"2020-10-08" 0.718 17.1 1143.4 9.2
"2020-10-09" 0.902 17.5 1169.8 8.7
"2020-10-10" 0.953 13.8 1165.6 9
"2020-10-11" 0.87 13.7 1293.9 9.6
"2020-10-12" 0.869 12.5 1278.5 9.3
"2020-10-13" 0.875 15.3 1349.2 10.3
"2020-10-14" 0.792 14.2 1167.7 9.1
"2020-10-15" 0.868 15.6 1177.2 9.7
"2020-10-16" 0.88 15 1176.6 10.4
"2020-10-17" 0.959 15.3 1174.7 10.2
"2020-10-18" 0.956 14.6 1166.8 10.4
"2020-10-19" 0.873 13.6 1167.5 10.6
"2020-10-20" 0.881 15.9 1170 9.8
"2020-10-21" 0.896 13.7 1248.3 9.9
"2020-10-22" 0.866 13.7 1167 9.7
"2020-10-23" 0.872 14.3 1280.1 9.8
"2020-10-24" 0.867 17.7 1316.7 10
"2020-10-25" 0.915 15.8 1194.5 10.2
"2020-10-26" 0.818 15.3 1198 9.6
"2020-10-27" 0.853 14.9 1531.3 10
"2020-10-28" 0.867 15.2 1183.7 9.5
"2020-10-29" 0.928 12.8 1195.6 9.4
"2020-10-30" 0.861 14.2 1207.8 9.6
"2020-10-31" 0.921 14.4 1209.2 9.5
"2020-11-01" 0.887 14.1 1201.7 9.9
"2020-11-02" 0.878 16 1201 9.8
"2020-11-03" 0.905 17 1204.6 9.7
"2020-11-04" 0.814 12.8 1533.2 10.2
"2020-11-05" 0.865 13 1210 10.2
"2020-11-06" 0.878 14.4 1232.2 10.7
"2020-11-07" 0.892 13.3 1222.7 10.9
"2020-11-08" 0.863 15.6 1250.4 10.7
"2020-11-09" 0.949 15.5 1336.1 10.2
"2020-11-10" 0.839 16.3 1384.7 10.7
"2020-11-11" 0.824 14.4 1393.5 10.4
"2020-11-12" 0.857 15.2 1496.7 10.5
"2020-11-13" 0.852 13.6 1425.5 10.7
"2020-11-14" 0.797 13.9 1235.7 10.1
"2020-11-15" 0.81 12.6 1556.9 9.9
"2020-11-16" 0.792 15.6 1247.3 9.3
"2020-11-17" 0.878 14.1 1248.8 9.8
"2020-11-18" 0.879 14.8 1260.2 9.3
"2020-11-19" 0.846 15.9 1397.7 9.7
"2020-11-20" 0.808 15.7 1263 8.9
"2020-11-21" 0.838 14.6 1269.4 8.3
"2020-11-22" 0.958 15.9 1248.7 9.9
"2020-11-23" 0.848 14.8 1358.7 10
"2020-11-24" 0.919 15.5 1281.2 10.4
"2020-11-25" 0.885 17 1252.5 10.8
"2020-11-26" 0.882 15.2 1330.8 10.6
"2020-11-27" 0.935 16.1 1229.9 11.1
"2020-11-28" 0.862 14.2 1244.2 11.2
"2020-11-29" 0.909 15.5 1256.2 11.2
"2020-11-30" 0.925 15.7 1248.2 11.4
"2020-12-01" 0.819 14.2 1344.1 11.8
"2020-12-02" 0.867 14 1248.4 11
"2020-12-03" 0.906 14.5 1340.4 11
"2020-12-04" 0.823 14 1407.2 10.8
"2020-12-05" 0.893 13.5 1243.3 11
"2020-12-06" 0.921 13.3 1245.4 11
"2020-12-07" 0.86 14.8 1245 11.1
"2020-12-08" 0.839 14.6 1421 11.5
"2020-12-09" 0.844 14.5 1244.3 11.3
"2020-12-10" 0.849 14.2 1315.9 11.4
"2020-12-11" 0.812 14 1242 11.5
"2020-12-12" 0.837 12.4 1268.1 11.2
"2020-12-13" 0.902 14.7 1247 11.6
"2020-12-14" 0.909 14 1219.3 12.2
"2020-12-15" 0.856 13.2 1246 12
"2020-12-16" 0.841 13.4 1268.6 12.2
"2020-12-17" 0.905 13.6 1232.5 12.1
"2020-12-18" 0.866 14.2 1247 11.9
"2020-12-19" 0.833 14.8 1230.1 11.2
"2020-12-20" 0.872 13.7 1227.1 11.4
"2020-12-21" 0.856 13.6 1226.9 11.8
"2020-12-22" 0.83 14.7 1220.1 12
"2020-12-23" 0.803 17 1264.2 12.2
"2020-12-24" 0.821 12.6 1220.7 11.5
"2020-12-25" 0.835 16.1 1223.6 11.7
"2020-12-26" 0.813 14.5 1360.4 12.1
"2020-12-27" 0.8 14.6 1237.6 11.1
"2020-12-28" 0.712 16 1241.8 11.5
"2020-12-29" 0.766 16.8 1240.9 12.7
"2020-12-30" 0.87 15.8 1248.8 13.2
"2020-12-31" 0.872 16.2 1236.6 13.8
"2021-01-01" 0.766 15.5 1218.2 13.4
"2021-01-02" 0.801 14.9 1225.7 13
"2021-01-03" 0.824 15.2 1237.4 12.7
"2021-01-04" 0.814 14.3 1453.5 12.7
"2021-01-05" 0.899 15.7 1331.1 13.3
"2021-01-06" 0.898 13.6 1204.5 12.6
"2021-01-07" 0.878 14.1 1209.7 12
"2021-01-08" 0.941 14.3 1224.5 12.6
"2021-01-09" 0.904 13.5 1241.5 12.4
"2021-01-10" 0.854 13.8 1233.4 11.8
"2021-01-11" 0.962 15.4 1234 13.2
"2021-01-12" 0.915 14.6 1233.7 11.8
"2021-01-13" 0.873 14.8 1236.6 12.2
"2021-01-14" 0.866 14.5 1230.4 11
"2021-01-15" 0.805 13.4 1515.9 11.6
"2021-01-16" 0.818 13.6 1204.4 11.4
"2021-01-17" 0.842 15.5 1199.7 12
"2021-01-18" 0.891 14.2 1222.7 12.6
"2021-01-19" 0.898 15.3 1217.7 12.6
"2021-01-20" 0.935 13.5 1217.3 12.8
"2021-01-21" 0.891 14.8 1210.5 12.3
"2021-01-22" 0.886 17.4 1206.4 12.4
"2021-01-23" 0.847 15.4 1228.1 12.6
"2021-01-24" 0.867 14.3 1195.8 13.3
"2021-01-25" 0.882 14.3 1218.2 13.5
"2021-01-26" 0.852 13.7 1339.1 13
"2021-01-27" 0.874 15 1206.2 13.2
"2021-01-28" 0.87 16.8 1220.5 12.8
"2021-01-29" 0.809 16.8 1289.5 13
"2021-01-30" 0.822 15.8 1216.4 13.6
"2021-01-31" 0.843 17.3 1213.2 14.1
"2021-02-01" 0.917 13.8 1215.5 14.5
"2021-02-02" 0.856 13 1220.1 12.2
"2021-02-03" 0.843 14.6 1217 11.5
"2021-02-04" 0.904 14.4 1206.3 12.5
"2021-02-05" 0.829 15.8 1220.9 12.2
"2021-02-06" 0.823 14.5 1207.6 12.1
"2021-02-07" 0.823 13.8 1263 12.1
"2021-02-08" 0.844 17.3 1201.8 11.8
"2021-02-09" 0.894 13 1185.3 12.3
"2021-02-10" 0.907 15.1 1171.9 12.3
"2021-02-11" 0.866 15.8 1186.8 12.6
"2021-02-12" 0.936 12.7 1177.6 14.1
"2021-02-13" 0.904 14.9 1174.1 13.5
"2021-02-14" 0.933 13.9 1107 13.1
"2021-02-15" 0.816 13.5 1124.3 13
"2021-02-16" 0.828 14.2 1122.5 12.7
"2021-02-17" 0.902 14.3 1158.3 13.1
"2021-02-18" 0.83 12.1 1169.2 12.2
"2021-02-19" 0.818 14.3 1185.1 12.6
"2021-02-20" 0.899 13.1 1166.9 13.2
"2021-02-21" 0.904 15.8 1207.3 12.3
"2021-02-22" 0.828 13.5 1231.8 12.4
"2021-02-23" 0.81 14.2 1259.1 12.7
"2021-02-24" 0.879 13.9 1196.8 12.7
"2021-02-25" 0.89 13.2 1132.8 12.9
"2021-02-26" 0.811 17.4 1106 13.3
"2021-02-27" 0.765 14.6 1109.5 13.1
"2021-02-28" 0.913 13.2 1130.9 13.7
"2021-03-01" 0.865 14.3 1127.4 13.5
"2021-03-02" 0.834 14.7 1130 13.9
"2021-03-03" 0.837 13.1 1117.7 13.5
"2021-03-04" 0.875 14.4 1110 13.8
"2021-03-05" 0.833 13.9 1099 13.7
"2021-03-06" 0.906 12.6 1091.3 14.1
"2021-03-07" 0.881 13.8 1109.1 14.1
"2021-03-08" 0.872 14.5 1069.7 14.1
"2021-03-09" 0.791 14.2 1019.3 14.6
"2021-03-10" 0.891 13.5 1018.8 14.4
"2021-03-11" 0.815 14.5 1068 13.4
"2021-03-12" 0.935 15.4 1041 14.3
"2021-03-13" 0.831 13.4 1052.3 14.3
"2021-03-14" 0.877 13.6 1111.9 12.9
"2021-03-15" 0.808 10.9 1283.6 12.6
"2021-03-16" 0.793 11.9 1039.6 11.8
"2021-03-17" 0.917 13.3 1057 12.4
"2021-03-18" 0.89 12.1 1194.9 12.4
"2021-03-19" 0.785 14 972.6 11.5
"2021-03-20" 0.738 13.5 1021.2 8.9
"2021-03-21" 0.799 13.5 1002.3 9.9
"2021-03-22" 0.68 13.2 1011.1 10
"2021-03-23" 0.94 13.1 1033.1 11.8
"2021-03-24" 0.856 11.7 1214.8 12
"2021-03-25" 0.877 13.2 1016.5 11.7
"2021-03-26" 0.943 14.2 990.2 11.5
"2021-03-27" 0.932 13.8 1020.5 10.8
"2021-03-28" 0.894 13.3 1091.9 10.7
"2021-03-29" 0.87 12.7 1075.6 10.5
"2021-03-30" 0.93 13 947 10.7
"2021-03-31" 0.901 14.3 991.9 10.3
"2021-04-01" 0.881 12.6 980.7 10.2
"2021-04-02" 0.919 13 984.4 10.6
"2021-04-03" 0.929 12.2 959.1 11.6
"2021-04-04" 0.858 12.7 1109.5 12.2
"2021-04-05" 0.784 13 949.3 11.1
"2021-04-06" 0.796 13.4 952.7 11.9
"2021-04-07" 0.896 11 1023 12.3
"2021-04-08" 0.86 17.1 994.1 12.8
"2021-04-09" 0.954 13.6 942.9 13
"2021-04-10" 0.901 12.4 928.8 11.5
"2021-04-11" 0.94 12.9 928.2 10.8
"2021-04-12" 0.921 14 896.9 10.5
"2021-04-13" 0.941 14.1 918 10.9
"2021-04-14" 0.895 12 1090.1 11
"2021-04-15" 0.874 15.2 999.7 11.1
"2021-04-16" 0.856 12.6 948.7 11.1
"2021-04-17" 0.841 14.9 861.6 11.3
"2021-04-18" 0.901 13.3 883.3 11.4
"2021-04-19" 0.881 11.8 882.9 11.2
"2021-04-20" 0.822 13.1 1066.3 10.4
"2021-04-21" 0.796 11 878.9 10.8
"2021-04-22" 0.908 11.8 874.3 11.2
"2021-04-23" 0.828 13.6 1103 10.9
"2021-04-24" 0.851 12.6 860 10.4
"2021-04-25" 0.95 13 844.8 11
"2021-04-26" 0.859 12.1 932.7 10.9
"2021-04-27" 0.887 10.7 841.4 10.5
"2021-04-28" 0.838 11.5 846.4 9.5
"2021-04-29" 0.806 13 843.2 9.1
"2021-04-30" 0.766 12.4 847.4 9
"2021-05-01" 0.877 11.4 838.8 9.6
"2021-05-02" 0.913 15.2 827.4 10.3
"2021-05-03" 0.886 13.1 862 10.6
"2021-05-04" 0.895 12.5 840.4 10.2
"2021-05-05" 0.736 14.1 792.4 10.9
"2021-05-06" 0.82 13 921.3 11.8
"2021-05-07" 0.866 13.9 774.4 11.9
"2021-05-08" 0.844 13.6 753 9.7
"2021-05-09" 0.899 12.3 751.1 11
"2021-05-10" 0.913 12.4 752.9 10.7
"2021-05-11" 0.96 12.9 770.2 10.9
"2021-05-12" 0.927 13.9 881 9.6
"2021-05-13" 0.766 17.7 738.1 10
"2021-05-14" 0.89 16.6 741.2 11.2
"2021-05-15" 0.959 13.1 883.2 11.1
"2021-05-16" 0.948 13.6 765.4 11.2
"2021-05-17" 0.948 12.1 819.5 11.3
"2021-05-18" 0.919 12.5 901.9 10.8
"2021-05-19" 0.909 12.3 850.6 11.7
"2021-05-20" 0.827 9.8 759.2 9.4
"2021-06-09" 0.825 8.8 454.9 8.7
"2021-06-10" 0.932 15.2 691.8 9.1
"2021-06-11" 0.911 11.9 708.6 9.1
"2021-06-12" 0.969 11.7 806.8 8.9
"2021-06-13" 0.891 12.8 703.2 8.5
"2021-06-14" 0.962 10.9 791.2 8.2
"2021-06-15" 0.873 11.3 468.7 9.4
"2021-06-16" 0.931 9.8 683.8 9.4
"2021-06-17" 0.892 12.1 677.7 9.3
"2021-06-18" 0.897 6.5 955.9 9.3
"2021-06-19" 0.807 14.5 698.4 7.7
"2021-06-20" 0.903 12.6 687.5 9.2
"2021-06-21" 0.898 9.7 701.9 7.2
"2021-06-22" 0.928 10.7 836.5 7.6
"2021-06-23" 0.92 11.9 482.2 9.7
"2021-06-24" 0.918 10 696.3 8.3
"2021-06-25" 0.921 12.9 704.2 9
"2021-06-26" 0.874 13.6 690.6 9.3
"2021-06-27" 0.92 12.1 712.7 8.9
"2021-06-28" 0.816 11.2 725.1 6.3
"2021-06-29" 0.736 13.9 722.8 7.7
"2021-06-30" 0.961 13.7 714.9 7.8
"2021-07-01" 0.734 3.4 0 6.8
